16/16 [==============================] - 43s     
[14.103333473205566, 0.125]
[[  1.00000000e+00   0.00000000e+00   0.00000000e+00   0.00000000e+00
    0.00000000e+00   0.00000000e+00   0.00000000e+00]
 [  1.00000000e+00   0.00000000e+00   0.00000000e+00   0.00000000e+00
    0.00000000e+00   0.00000000e+00   0.00000000e+00]
 [  1.00000000e+00   0.00000000e+00   0.00000000e+00   0.00000000e+00
    6.28510338e-19   0.00000000e+00   0.00000000e+00]
 [  1.00000000e+00   0.00000000e+00   0.00000000e+00   0.00000000e+00
    2.30349575e-28   0.00000000e+00   0.00000000e+00]
 [  1.00000000e+00   0.00000000e+00   0.00000000e+00   0.00000000e+00
    0.00000000e+00   0.00000000e+00   0.00000000e+00]
 [  1.00000000e+00   0.00000000e+00   0.00000000e+00   0.00000000e+00
    0.00000000e+00   0.00000000e+00   0.00000000e+00]
 [  1.00000000e+00   0.00000000e+00   0.00000000e+00   0.00000000e+00
    0.00000000e+00   0.00000000e+00   0.00000000e+00]
 [  1.00000000e+00   0.00000000e+00   0.00000000e+00   0.00000000e+00
    0.00000000e+00   0.00000000e+00   0.00000000e+00]
 [  1.00000000e+00   0.00000000e+00   0.00000000e+00   0.00000000e+00
    0.00000000e+00   0.00000000e+00   0.00000000e+00]
 [  1.00000000e+00   0.00000000e+00   0.00000000e+00   0.00000000e+00
    0.00000000e+00   0.00000000e+00   0.00000000e+00]
 [  1.00000000e+00   0.00000000e+00   0.00000000e+00   0.00000000e+00
    4.49303032e-26   0.00000000e+00   0.00000000e+00]
 [  1.00000000e+00   0.00000000e+00   0.00000000e+00   0.00000000e+00
    0.00000000e+00   0.00000000e+00   0.00000000e+00]
 [  1.00000000e+00   0.00000000e+00   0.00000000e+00   0.00000000e+00
    0.00000000e+00   0.00000000e+00   0.00000000e+00]
 [  1.00000000e+00   0.00000000e+00   0.00000000e+00   0.00000000e+00
    0.00000000e+00   0.00000000e+00   0.00000000e+00]
 [  1.00000000e+00   0.00000000e+00   0.00000000e+00   0.00000000e+00
    0.00000000e+00   0.00000000e+00   0.00000000e+00]
 [  1.00000000e+00   0.00000000e+00   0.00000000e+00   0.00000000e+00
    0.00000000e+00   0.00000000e+00   0.00000000e+00]]
16/16 [==============================] - 25s     
[14.103333473205566, 0.125]
[[  1.00000000e+00   0.00000000e+00   0.00000000e+00   0.00000000e+00
    0.00000000e+00   0.00000000e+00   0.00000000e+00]
 [  1.00000000e+00   0.00000000e+00   0.00000000e+00   0.00000000e+00
    0.00000000e+00   0.00000000e+00   0.00000000e+00]
 [  1.00000000e+00   0.00000000e+00   0.00000000e+00   0.00000000e+00
    6.28510338e-19   0.00000000e+00   0.00000000e+00]
 [  1.00000000e+00   0.00000000e+00   0.00000000e+00   0.00000000e+00
    2.30349575e-28   0.00000000e+00   0.00000000e+00]
 [  1.00000000e+00   0.00000000e+00   0.00000000e+00   0.00000000e+00
    0.00000000e+00   0.00000000e+00   0.00000000e+00]
 [  1.00000000e+00   0.00000000e+00   0.00000000e+00   0.00000000e+00
    0.00000000e+00   0.00000000e+00   0.00000000e+00]
 [  1.00000000e+00   0.00000000e+00   0.00000000e+00   0.00000000e+00
    0.00000000e+00   0.00000000e+00   0.00000000e+00]
 [  1.00000000e+00   0.00000000e+00   0.00000000e+00   0.00000000e+00
    0.00000000e+00   0.00000000e+00   0.00000000e+00]
 [  1.00000000e+00   0.00000000e+00   0.00000000e+00   0.00000000e+00
    0.00000000e+00   0.00000000e+00   0.00000000e+00]
 [  1.00000000e+00   0.00000000e+00   0.00000000e+00   0.00000000e+00
    0.00000000e+00   0.00000000e+00   0.00000000e+00]
 [  1.00000000e+00   0.00000000e+00   0.00000000e+00   0.00000000e+00
    4.49303032e-26   0.00000000e+00   0.00000000e+00]
 [  1.00000000e+00   0.00000000e+00   0.00000000e+00   0.00000000e+00
    0.00000000e+00   0.00000000e+00   0.00000000e+00]
 [  1.00000000e+00   0.00000000e+00   0.00000000e+00   0.00000000e+00
    0.00000000e+00   0.00000000e+00   0.00000000e+00]
 [  1.00000000e+00   0.00000000e+00   0.00000000e+00   0.00000000e+00
    0.00000000e+00   0.00000000e+00   0.00000000e+00]
 [  1.00000000e+00   0.00000000e+00   0.00000000e+00   0.00000000e+00
    0.00000000e+00   0.00000000e+00   0.00000000e+00]
 [  1.00000000e+00   0.00000000e+00   0.00000000e+00   0.00000000e+00
    0.00000000e+00   0.00000000e+00   0.00000000e+00]]
16/16 [==============================] - 24s     
[14.103333473205566, 0.125]
[[  1.00000000e+00   0.00000000e+00   0.00000000e+00   0.00000000e+00
    0.00000000e+00   0.00000000e+00   0.00000000e+00]
 [  1.00000000e+00   0.00000000e+00   0.00000000e+00   0.00000000e+00
    0.00000000e+00   0.00000000e+00   0.00000000e+00]
 [  1.00000000e+00   0.00000000e+00   0.00000000e+00   0.00000000e+00
    6.28510338e-19   0.00000000e+00   0.00000000e+00]
 [  1.00000000e+00   0.00000000e+00   0.00000000e+00   0.00000000e+00
    2.30349575e-28   0.00000000e+00   0.00000000e+00]
 [  1.00000000e+00   0.00000000e+00   0.00000000e+00   0.00000000e+00
    0.00000000e+00   0.00000000e+00   0.00000000e+00]
 [  1.00000000e+00   0.00000000e+00   0.00000000e+00   0.00000000e+00
    0.00000000e+00   0.00000000e+00   0.00000000e+00]
 [  1.00000000e+00   0.00000000e+00   0.00000000e+00   0.00000000e+00
    0.00000000e+00   0.00000000e+00   0.00000000e+00]
 [  1.00000000e+00   0.00000000e+00   0.00000000e+00   0.00000000e+00
    0.00000000e+00   0.00000000e+00   0.00000000e+00]
 [  1.00000000e+00   0.00000000e+00   0.00000000e+00   0.00000000e+00
    0.00000000e+00   0.00000000e+00   0.00000000e+00]
 [  1.00000000e+00   0.00000000e+00   0.00000000e+00   0.00000000e+00
    0.00000000e+00   0.00000000e+00   0.00000000e+00]
 [  1.00000000e+00   0.00000000e+00   0.00000000e+00   0.00000000e+00
    4.49303032e-26   0.00000000e+00   0.00000000e+00]
 [  1.00000000e+00   0.00000000e+00   0.00000000e+00   0.00000000e+00
    0.00000000e+00   0.00000000e+00   0.00000000e+00]
 [  1.00000000e+00   0.00000000e+00   0.00000000e+00   0.00000000e+00
    0.00000000e+00   0.00000000e+00   0.00000000e+00]
 [  1.00000000e+00   0.00000000e+00   0.00000000e+00   0.00000000e+00
    0.00000000e+00   0.00000000e+00   0.00000000e+00]
 [  1.00000000e+00   0.00000000e+00   0.00000000e+00   0.00000000e+00
    0.00000000e+00   0.00000000e+00   0.00000000e+00]
 [  1.00000000e+00   0.00000000e+00   0.00000000e+00   0.00000000e+00
    0.00000000e+00   0.00000000e+00   0.00000000e+00]]
16/16 [==============================] - 24s     
[14.103333473205566, 0.125]
[[  1.00000000e+00   0.00000000e+00   0.00000000e+00   0.00000000e+00
    0.00000000e+00   0.00000000e+00   0.00000000e+00]
 [  1.00000000e+00   0.00000000e+00   0.00000000e+00   0.00000000e+00
    0.00000000e+00   0.00000000e+00   0.00000000e+00]
 [  1.00000000e+00   0.00000000e+00   0.00000000e+00   0.00000000e+00
    6.28510338e-19   0.00000000e+00   0.00000000e+00]
 [  1.00000000e+00   0.00000000e+00   0.00000000e+00   0.00000000e+00
    2.30349575e-28   0.00000000e+00   0.00000000e+00]
 [  1.00000000e+00   0.00000000e+00   0.00000000e+00   0.00000000e+00
    0.00000000e+00   0.00000000e+00   0.00000000e+00]
 [  1.00000000e+00   0.00000000e+00   0.00000000e+00   0.00000000e+00
    0.00000000e+00   0.00000000e+00   0.00000000e+00]
 [  1.00000000e+00   0.00000000e+00   0.00000000e+00   0.00000000e+00
    0.00000000e+00   0.00000000e+00   0.00000000e+00]
 [  1.00000000e+00   0.00000000e+00   0.00000000e+00   0.00000000e+00
    0.00000000e+00   0.00000000e+00   0.00000000e+00]
 [  1.00000000e+00   0.00000000e+00   0.00000000e+00   0.00000000e+00
    0.00000000e+00   0.00000000e+00   0.00000000e+00]
 [  1.00000000e+00   0.00000000e+00   0.00000000e+00   0.00000000e+00
    0.00000000e+00   0.00000000e+00   0.00000000e+00]
 [  1.00000000e+00   0.00000000e+00   0.00000000e+00   0.00000000e+00
    4.49303032e-26   0.00000000e+00   0.00000000e+00]
 [  1.00000000e+00   0.00000000e+00   0.00000000e+00   0.00000000e+00
    0.00000000e+00   0.00000000e+00   0.00000000e+00]
 [  1.00000000e+00   0.00000000e+00   0.00000000e+00   0.00000000e+00
    0.00000000e+00   0.00000000e+00   0.00000000e+00]
 [  1.00000000e+00   0.00000000e+00   0.00000000e+00   0.00000000e+00
    0.00000000e+00   0.00000000e+00   0.00000000e+00]
 [  1.00000000e+00   0.00000000e+00   0.00000000e+00   0.00000000e+00
    0.00000000e+00   0.00000000e+00   0.00000000e+00]
 [  1.00000000e+00   0.00000000e+00   0.00000000e+00   0.00000000e+00
    0.00000000e+00   0.00000000e+00   0.00000000e+00]]
16/16 [==============================] - 24s     
[14.103333473205566, 0.125]
[[  1.00000000e+00   0.00000000e+00   0.00000000e+00   0.00000000e+00
    0.00000000e+00   0.00000000e+00   0.00000000e+00]
 [  1.00000000e+00   0.00000000e+00   0.00000000e+00   0.00000000e+00
    0.00000000e+00   0.00000000e+00   0.00000000e+00]
 [  1.00000000e+00   0.00000000e+00   0.00000000e+00   0.00000000e+00
    6.28510338e-19   0.00000000e+00   0.00000000e+00]
 [  1.00000000e+00   0.00000000e+00   0.00000000e+00   0.00000000e+00
    2.30349575e-28   0.00000000e+00   0.00000000e+00]
 [  1.00000000e+00   0.00000000e+00   0.00000000e+00   0.00000000e+00
    0.00000000e+00   0.00000000e+00   0.00000000e+00]
 [  1.00000000e+00   0.00000000e+00   0.00000000e+00   0.00000000e+00
    0.00000000e+00   0.00000000e+00   0.00000000e+00]
 [  1.00000000e+00   0.00000000e+00   0.00000000e+00   0.00000000e+00
    0.00000000e+00   0.00000000e+00   0.00000000e+00]
 [  1.00000000e+00   0.00000000e+00   0.00000000e+00   0.00000000e+00
    0.00000000e+00   0.00000000e+00   0.00000000e+00]
 [  1.00000000e+00   0.00000000e+00   0.00000000e+00   0.00000000e+00
    0.00000000e+00   0.00000000e+00   0.00000000e+00]
 [  1.00000000e+00   0.00000000e+00   0.00000000e+00   0.00000000e+00
    0.00000000e+00   0.00000000e+00   0.00000000e+00]
 [  1.00000000e+00   0.00000000e+00   0.00000000e+00   0.00000000e+00
    4.49303032e-26   0.00000000e+00   0.00000000e+00]
 [  1.00000000e+00   0.00000000e+00   0.00000000e+00   0.00000000e+00
    0.00000000e+00   0.00000000e+00   0.00000000e+00]
 [  1.00000000e+00   0.00000000e+00   0.00000000e+00   0.00000000e+00
    0.00000000e+00   0.00000000e+00   0.00000000e+00]
 [  1.00000000e+00   0.00000000e+00   0.00000000e+00   0.00000000e+00
    0.00000000e+00   0.00000000e+00   0.00000000e+00]
 [  1.00000000e+00   0.00000000e+00   0.00000000e+00   0.00000000e+00
    0.00000000e+00   0.00000000e+00   0.00000000e+00]
 [  1.00000000e+00   0.00000000e+00   0.00000000e+00   0.00000000e+00
    0.00000000e+00   0.00000000e+00   0.00000000e+00]]
16/16 [==============================] - 24s     
[14.103333473205566, 0.125]
[[  1.00000000e+00   0.00000000e+00   0.00000000e+00   0.00000000e+00
    0.00000000e+00   0.00000000e+00   0.00000000e+00]
 [  1.00000000e+00   0.00000000e+00   0.00000000e+00   0.00000000e+00
    0.00000000e+00   0.00000000e+00   0.00000000e+00]
 [  1.00000000e+00   0.00000000e+00   0.00000000e+00   0.00000000e+00
    6.28510338e-19   0.00000000e+00   0.00000000e+00]
 [  1.00000000e+00   0.00000000e+00   0.00000000e+00   0.00000000e+00
    2.30349575e-28   0.00000000e+00   0.00000000e+00]
 [  1.00000000e+00   0.00000000e+00   0.00000000e+00   0.00000000e+00
    0.00000000e+00   0.00000000e+00   0.00000000e+00]
 [  1.00000000e+00   0.00000000e+00   0.00000000e+00   0.00000000e+00
    0.00000000e+00   0.00000000e+00   0.00000000e+00]
 [  1.00000000e+00   0.00000000e+00   0.00000000e+00   0.00000000e+00
    0.00000000e+00   0.00000000e+00   0.00000000e+00]
 [  1.00000000e+00   0.00000000e+00   0.00000000e+00   0.00000000e+00
    0.00000000e+00   0.00000000e+00   0.00000000e+00]
 [  1.00000000e+00   0.00000000e+00   0.00000000e+00   0.00000000e+00
    0.00000000e+00   0.00000000e+00   0.00000000e+00]
 [  1.00000000e+00   0.00000000e+00   0.00000000e+00   0.00000000e+00
    0.00000000e+00   0.00000000e+00   0.00000000e+00]
 [  1.00000000e+00   0.00000000e+00   0.00000000e+00   0.00000000e+00
    4.49303032e-26   0.00000000e+00   0.00000000e+00]
 [  1.00000000e+00   0.00000000e+00   0.00000000e+00   0.00000000e+00
    0.00000000e+00   0.00000000e+00   0.00000000e+00]
 [  1.00000000e+00   0.00000000e+00   0.00000000e+00   0.00000000e+00
    0.00000000e+00   0.00000000e+00   0.00000000e+00]
 [  1.00000000e+00   0.00000000e+00   0.00000000e+00   0.00000000e+00
    0.00000000e+00   0.00000000e+00   0.00000000e+00]
 [  1.00000000e+00   0.00000000e+00   0.00000000e+00   0.00000000e+00
    0.00000000e+00   0.00000000e+00   0.00000000e+00]
 [  1.00000000e+00   0.00000000e+00   0.00000000e+00   0.00000000e+00
    0.00000000e+00   0.00000000e+00   0.00000000e+00]]

==========================================================================================================================================
16/16 [==============================] - 49s     
[13.735915184020996, 0.0625]
[[  1.89560832e-11   1.00000000e+00   2.68149069e-32   0.00000000e+00
    0.00000000e+00   0.00000000e+00   8.27596672e-11]
 [  6.14133522e-36   9.65606391e-01   0.00000000e+00   0.00000000e+00
    0.00000000e+00   0.00000000e+00   3.43936384e-02]
 [  0.00000000e+00   7.91224302e-04   9.99207437e-01   3.95498936e-22
    0.00000000e+00   1.29475461e-06   0.00000000e+00]
 [  0.00000000e+00   9.99508381e-01   2.01447008e-07   2.95200838e-22
    0.00000000e+00   4.91413462e-04   2.22289343e-37]
 [  0.00000000e+00   0.00000000e+00   0.00000000e+00   0.00000000e+00
    0.00000000e+00   0.00000000e+00   1.00000000e+00]
 [  1.16687465e-12   1.00000000e+00   0.00000000e+00   1.28858682e-18
    0.00000000e+00   0.00000000e+00   0.00000000e+00]
 [  4.39573536e-30   9.99288917e-01   0.00000000e+00   7.11051398e-04
    0.00000000e+00   0.00000000e+00   0.00000000e+00]
 [  0.00000000e+00   1.00000000e+00   0.00000000e+00   8.09091021e-13
    0.00000000e+00   0.00000000e+00   0.00000000e+00]
 [  0.00000000e+00   1.44071053e-35   1.00000000e+00   0.00000000e+00
    0.00000000e+00   9.48124690e-10   0.00000000e+00]
 [  0.00000000e+00   0.00000000e+00   8.34316948e-18   0.00000000e+00
    0.00000000e+00   1.00000000e+00   0.00000000e+00]
 [  0.00000000e+00   1.00000000e+00   1.98193446e-32   0.00000000e+00
    0.00000000e+00   0.00000000e+00   0.00000000e+00]
 [  3.62290033e-27   0.00000000e+00   1.00000000e+00   0.00000000e+00
    0.00000000e+00   0.00000000e+00   2.61717547e-18]
 [  7.99702854e-32   0.00000000e+00   1.00000000e+00   0.00000000e+00
    0.00000000e+00   0.00000000e+00   6.26818028e-25]
 [  4.00213435e-33   0.00000000e+00   1.00000000e+00   0.00000000e+00
    0.00000000e+00   0.00000000e+00   8.86290487e-20]
 [  1.53136611e-07   1.31309047e-27   5.02551906e-02   5.80274841e-24
    0.00000000e+00   0.00000000e+00   9.49744642e-01]
 [  1.43782707e-29   1.94538362e-14   1.56473337e-23   2.82057217e-26
    0.00000000e+00   0.00000000e+00   1.00000000e+00]]
16/16 [==============================] - 25s     
[13.735915184020996, 0.0625]
[[  1.89560832e-11   1.00000000e+00   2.68149069e-32   0.00000000e+00
    0.00000000e+00   0.00000000e+00   8.27596672e-11]
 [  6.14133522e-36   9.65606391e-01   0.00000000e+00   0.00000000e+00
    0.00000000e+00   0.00000000e+00   3.43936384e-02]
 [  0.00000000e+00   7.91224302e-04   9.99207437e-01   3.95498936e-22
    0.00000000e+00   1.29475461e-06   0.00000000e+00]
 [  0.00000000e+00   9.99508381e-01   2.01447008e-07   2.95200838e-22
    0.00000000e+00   4.91413462e-04   2.22289343e-37]
 [  0.00000000e+00   0.00000000e+00   0.00000000e+00   0.00000000e+00
    0.00000000e+00   0.00000000e+00   1.00000000e+00]
 [  1.16687465e-12   1.00000000e+00   0.00000000e+00   1.28858682e-18
    0.00000000e+00   0.00000000e+00   0.00000000e+00]
 [  4.39573536e-30   9.99288917e-01   0.00000000e+00   7.11051398e-04
    0.00000000e+00   0.00000000e+00   0.00000000e+00]
 [  0.00000000e+00   1.00000000e+00   0.00000000e+00   8.09091021e-13
    0.00000000e+00   0.00000000e+00   0.00000000e+00]
 [  0.00000000e+00   1.44071053e-35   1.00000000e+00   0.00000000e+00
    0.00000000e+00   9.48124690e-10   0.00000000e+00]
 [  0.00000000e+00   0.00000000e+00   8.34316948e-18   0.00000000e+00
    0.00000000e+00   1.00000000e+00   0.00000000e+00]
 [  0.00000000e+00   1.00000000e+00   1.98193446e-32   0.00000000e+00
    0.00000000e+00   0.00000000e+00   0.00000000e+00]
 [  3.62290033e-27   0.00000000e+00   1.00000000e+00   0.00000000e+00
    0.00000000e+00   0.00000000e+00   2.61717547e-18]
 [  7.99702854e-32   0.00000000e+00   1.00000000e+00   0.00000000e+00
    0.00000000e+00   0.00000000e+00   6.26818028e-25]
 [  4.00213435e-33   0.00000000e+00   1.00000000e+00   0.00000000e+00
    0.00000000e+00   0.00000000e+00   8.86290487e-20]
 [  1.53136611e-07   1.31309047e-27   5.02551906e-02   5.80274841e-24
    0.00000000e+00   0.00000000e+00   9.49744642e-01]
 [  1.43782707e-29   1.94538362e-14   1.56473337e-23   2.82057217e-26
    0.00000000e+00   0.00000000e+00   1.00000000e+00]]
16/16 [==============================] - 27s     
[13.09595251083374, 0.1875]
[[ 0.  0.  0.  1.  0.  0.  0.]
 [ 0.  0.  0.  1.  0.  0.  0.]
 [ 0.  0.  0.  1.  0.  0.  0.]
 [ 0.  0.  0.  1.  0.  0.  0.]
 [ 0.  0.  0.  1.  0.  0.  0.]
 [ 0.  0.  0.  1.  0.  0.  0.]
 [ 0.  0.  0.  1.  0.  0.  0.]
 [ 0.  0.  0.  1.  0.  0.  0.]
 [ 0.  0.  0.  1.  0.  0.  0.]
 [ 0.  0.  0.  1.  0.  0.  0.]
 [ 0.  0.  0.  1.  0.  0.  0.]
 [ 0.  0.  0.  1.  0.  0.  0.]
 [ 0.  0.  0.  1.  0.  0.  0.]
 [ 0.  0.  0.  1.  0.  0.  0.]
 [ 0.  0.  0.  1.  0.  0.  0.]
 [ 0.  0.  0.  1.  0.  0.  0.]]
16/16 [==============================] - 25s     
[13.09595251083374, 0.1875]
[[ 0.  0.  0.  1.  0.  0.  0.]
 [ 0.  0.  0.  1.  0.  0.  0.]
 [ 0.  0.  0.  1.  0.  0.  0.]
 [ 0.  0.  0.  1.  0.  0.  0.]
 [ 0.  0.  0.  1.  0.  0.  0.]
 [ 0.  0.  0.  1.  0.  0.  0.]
 [ 0.  0.  0.  1.  0.  0.  0.]
 [ 0.  0.  0.  1.  0.  0.  0.]
 [ 0.  0.  0.  1.  0.  0.  0.]
 [ 0.  0.  0.  1.  0.  0.  0.]
 [ 0.  0.  0.  1.  0.  0.  0.]
 [ 0.  0.  0.  1.  0.  0.  0.]
 [ 0.  0.  0.  1.  0.  0.  0.]
 [ 0.  0.  0.  1.  0.  0.  0.]
 [ 0.  0.  0.  1.  0.  0.  0.]
 [ 0.  0.  0.  1.  0.  0.  0.]]

==========================================================================================================================================
Running training
Epoch 1/1
87/87 [==============================] - 547s - loss: 2.4074 - acc: 0.5172         
16/16 [==============================] - 37s      
[1.6971464157104492, 0.0]
[[ 0.25351769  0.72265404  0.00467279  0.00464671  0.00505603  0.00480968
   0.00464309]
 [ 0.25351769  0.72265404  0.00467279  0.00464671  0.00505603  0.00480968
   0.00464309]
 [ 0.25351769  0.72265404  0.00467279  0.00464671  0.00505603  0.00480968
   0.00464309]
 [ 0.25351769  0.72265404  0.00467279  0.00464671  0.00505603  0.00480968
   0.00464309]
 [ 0.25351769  0.72265404  0.00467279  0.00464671  0.00505603  0.00480968
   0.00464309]
 [ 0.25351769  0.72265404  0.00467279  0.00464671  0.00505603  0.00480968
   0.00464309]
 [ 0.25351769  0.72265404  0.00467279  0.00464671  0.00505603  0.00480968
   0.00464309]
 [ 0.25351769  0.72265404  0.00467279  0.00464671  0.00505603  0.00480968
   0.00464309]
 [ 0.25351769  0.72265404  0.00467279  0.00464671  0.00505603  0.00480968
   0.00464309]
 [ 0.25351769  0.72265404  0.00467279  0.00464671  0.00505603  0.00480968
   0.00464309]
 [ 0.25351769  0.72265404  0.00467279  0.00464671  0.00505603  0.00480968
   0.00464309]
 [ 0.25351769  0.72265404  0.00467279  0.00464671  0.00505603  0.00480968
   0.00464309]
 [ 0.25351769  0.72265404  0.00467279  0.00464671  0.00505603  0.00480968
   0.00464309]
 [ 0.25351769  0.72265404  0.00467279  0.00464671  0.00505603  0.00480968
   0.00464309]
 [ 0.25351769  0.72265404  0.00467279  0.00464671  0.00505603  0.00480968
   0.00464309]
 [ 0.25351769  0.72265404  0.00467279  0.00464671  0.00505603  0.00480968
   0.00464309]]
Epoch 1/1
87/87 [==============================] - 546s - loss: 1.6106 - acc: 0.4828          
16/16 [==============================] - 26s     
[1.4058284759521484, 1.0]
[[ 0.51907963  0.47230479  0.00160942  0.00173612  0.0017661   0.00176274
   0.00174113]
 [ 0.51907963  0.47230479  0.00160942  0.00173612  0.0017661   0.00176274
   0.00174113]
 [ 0.51907963  0.47230479  0.00160942  0.00173612  0.0017661   0.00176274
   0.00174113]
 [ 0.51907963  0.47230479  0.00160942  0.00173612  0.0017661   0.00176274
   0.00174113]
 [ 0.51907963  0.47230479  0.00160942  0.00173612  0.0017661   0.00176274
   0.00174113]
 [ 0.51907963  0.47230479  0.00160942  0.00173612  0.0017661   0.00176274
   0.00174113]
 [ 0.51907963  0.47230479  0.00160942  0.00173612  0.0017661   0.00176274
   0.00174113]
 [ 0.51907963  0.47230479  0.00160942  0.00173612  0.0017661   0.00176274
   0.00174113]
 [ 0.51907963  0.47230479  0.00160942  0.00173612  0.0017661   0.00176274
   0.00174113]
 [ 0.51907963  0.47230479  0.00160942  0.00173612  0.0017661   0.00176274
   0.00174113]
 [ 0.51907963  0.47230479  0.00160942  0.00173612  0.0017661   0.00176274
   0.00174113]
 [ 0.51907963  0.47230479  0.00160942  0.00173612  0.0017661   0.00176274
   0.00174113]
 [ 0.51907963  0.47230479  0.00160942  0.00173612  0.0017661   0.00176274
   0.00174113]
 [ 0.51907963  0.47230479  0.00160942  0.00173612  0.0017661   0.00176274
   0.00174113]
 [ 0.51907963  0.47230479  0.00160942  0.00173612  0.0017661   0.00176274
   0.00174113]
 [ 0.51907963  0.47230479  0.00160942  0.00173612  0.0017661   0.00176274
   0.00174113]]
Epoch 1/1
87/87 [==============================] - 526s - loss: 1.4476 - acc: 0.5632     
16/16 [==============================] - 25s     
[1.3967926502227783, 0.0]
[[ 0.49279475  0.50201249  0.00100914  0.00107358  0.00102919  0.00103146
   0.00104932]
 [ 0.49279475  0.50201249  0.00100914  0.00107358  0.00102919  0.00103146
   0.00104932]
 [ 0.49279475  0.50201249  0.00100914  0.00107358  0.00102919  0.00103146
   0.00104932]
 [ 0.49279475  0.50201249  0.00100914  0.00107358  0.00102919  0.00103146
   0.00104932]
 [ 0.49279475  0.50201249  0.00100914  0.00107358  0.00102919  0.00103146
   0.00104932]
 [ 0.49279475  0.50201249  0.00100914  0.00107358  0.00102919  0.00103146
   0.00104932]
 [ 0.49279475  0.50201249  0.00100914  0.00107358  0.00102919  0.00103146
   0.00104932]
 [ 0.49279475  0.50201249  0.00100914  0.00107358  0.00102919  0.00103146
   0.00104932]
 [ 0.49279475  0.50201249  0.00100914  0.00107358  0.00102919  0.00103146
   0.00104932]
 [ 0.49279475  0.50201249  0.00100914  0.00107358  0.00102919  0.00103146
   0.00104932]
 [ 0.49279475  0.50201249  0.00100914  0.00107358  0.00102919  0.00103146
   0.00104932]
 [ 0.49279475  0.50201249  0.00100914  0.00107358  0.00102919  0.00103146
   0.00104932]
 [ 0.49279475  0.50201249  0.00100914  0.00107358  0.00102919  0.00103146
   0.00104932]
 [ 0.49279475  0.50201249  0.00100914  0.00107358  0.00102919  0.00103146
   0.00104932]
 [ 0.49279475  0.50201249  0.00100914  0.00107358  0.00102919  0.00103146
   0.00104932]
 [ 0.49279475  0.50201249  0.00100914  0.00107358  0.00102919  0.00103146
   0.00104932]]
