PREDS: [ 1 11  1  1  4  4  1  1  1  1 15  1  1  1  4  1  1  4 20  1  1  1 16  4  4
  1  1  1  4  1  9  9  1  1  1  1 11 11  1 11  1  1  1  1  4  1 16  1  1  1
  4  1 18  4  1  1  1  1  1 20  4 16  1]
TRUE: [18 11 19 17  4 15 18  4  3 17 10 13  9  4  1 17 12 18 20 14  6  3 16  0 18
 19 18  1 17 17  9  9 12  2  2  7 11 11  6 14  8  9  7 15  4  1 16 12 18 10
  7  2 16  1  3 13 19  3  3  9  7 16 18]PREDS: [ 1 11  4 10  4 18 18  4 20  4 11 18 11  7 18  1 18  1 20 20 20 17 16 10 18
  4 11 18  4 10 11 18 18 18  1 18 11 11  1 11 11  1 18  1  4  1 16  1 18 10
 18 18  1  1 18  4  4  4  4 11  4 16 18]
TRUE: [18 11 19 17  4 15 18  4  3 17 10 13  9  4  1 17 12 18 20 14  6  3 16  0 18
 19 18  1 17 17  9  9 12  2  2  7 11 11  6 14  8  9  7 15  4  1 16 12 18 10
  7  2 16  1  3 13 19  3  3  9  7 16 18]
PREDS: [18 11  4 17  4 15 18  4  4  4 11 18 11  7  1  4  4 18 20 11 20 11 16 11 18
  4 18  1  4 17  9  9 18  1  1  7 11 11  1 11 11  1  7 15  4  1 16  1 18 10
  7  2  1  1 18  4  4  4  4  9  7 16 18]
TRUE: [18 11 19 17  4 15 18  4  3 17 10 13  9  4  1 17 12 18 20 14  6  3 16  0 18
 19 18  1 17 17  9  9 12  2  2  7 11 11  6 14  8  9  7 15  4  1 16 12 18 10
  7  2 16  1  3 13 19  3  3  9  7 16 18]
PREDS: [18 11  1  1  4  1 18  4  1 17  1  1  1  1  1  1  1 18 20 11 18  1 16  1 18
  4 18  1 17  1  9  9  1  2  2  7 11 11  1 11 11  1  7 15  4  1 16  1 18 10
  7  2  1  1  1  4  4  4  1  9  7 16 18]
TRUE: [18 11 19 17  4 15 18  4  3 17 10 13  9  4  1 17 12 18 20 14  6  3 16  0 18
 19 18  1 17 17  9  9 12  2  2  7 11 11  6 14  8  9  7 15  4  1 16 12 18 10
  7  2 16  1  3 13 19  3  3  9  7 16 18]
PREDS: [18 11  4 17  4 15 18  4  7 17 10 18  9  1  1 17  1 18 20 14 18  7 16  1 18
  4 18  1 17 17  9  9 18  2  2  7 11 11  1 14 11  9  7 15  4  1 16  1 18 10
  7  2 16  1  1  4  4  4  4  9  7 16 18]
TRUE: [18 11 19 17  4 15 18  4  3 17 10 13  9  4  1 17 12 18 20 14  6  3 16  0 18
 19 18  1 17 17  9  9 12  2  2  7 11 11  6 14  8  9  7 15  4  1 16 12 18 10
  7  2 16  1  3 13 19  3  3  9  7 16 18]
PREDS: [18 11 20 17  4 15 18  4  7 17 10  1  9  1  1 17  1 18 20 14 18  7 16  1 18
  1 18  1 17 17  9  9  1  2  2  7 11 11  1 14 20  9  7 15  4  1 16  1 18 10
  7  2 16  1  1 20  1  4  3  9  7 16 18]
TRUE: [18 11 19 17  4 15 18  4  3 17 10 13  9  4  1 17 12 18 20 14  6  3 16  0 18
 19 18  1 17 17  9  9 12  2  2  7 11 11  6 14  8  9  7 15  4  1 16 12 18 10
  7  2 16  1  3 13 19  3  3  9  7 16 18]
PREDS: [18 11  1 17  4 15 18  4  3 17 10  1  9  1  1 17  1 18 20 14 18  7 16  1 18
  1 18  1 17 17  9  9  1  2  2  7 11 11  1 14  1  9  7 15  4  1 16  1 18 10
  7  2 16  1  1  1  1  3  3  9  7 16 18]
TRUE: [18 11 19 17  4 15 18  4  3 17 10 13  9  4  1 17 12 18 20 14  6  3 16  0 18
 19 18  1 17 17  9  9 12  2  2  7 11 11  6 14  8  9  7 15  4  1 16 12 18 10
  7  2 16  1  3 13 19  3  3  9  7 16 18]
PREDS: [18 11  1 17  4 15 18  4  3 17 10  1  9  1  1 17  1 18 20 14 18  3 16 15 18
  1 18  1 17 17  9  9  1  2  2  7 11 11  1 14  1  9  7 15  4  1 16  1 18 10
  7  2 16  1  1 20  1  3  3  9  7 16 18]
TRUE: [18 11 19 17  4 15 18  4  3 17 10 13  9  4  1 17 12 18 20 14  6  3 16  0 18
 19 18  1 17 17  9  9 12  2  2  7 11 11  6 14  8  9  7 15  4  1 16 12 18 10
  7  2 16  1  3 13 19  3  3  9  7 16 18]
PREDS: [18 11 19 17  4 15 18  4  3 17 10  1  9  1  1 17  1 18 20 14 18  3 16 15 18
 19 18  1 17 17  9  9  1  2  2  7 11 11  1 14  1  9  7 15  4  1 16 12 18 10
  7  2 16  1  1  1 19  3  3  9  7 16 18]
TRUE: [18 11 19 17  4 15 18  4  3 17 10 13  9  4  1 17 12 18 20 14  6  3 16  0 18
 19 18  1 17 17  9  9 12  2  2  7 11 11  6 14  8  9  7 15  4  1 16 12 18 10
  7  2 16  1  3 13 19  3  3  9  7 16 18]
PREDS: [18 11 19 17  4 15 18  4  3 17 10 18  9  1  1 17 12 18 20 14 18  3 16 15 18
 19 18  1 17 17  9  9  1  2  2  7 11 11  1 14  1  9  7 15  4  1 16 12 18 10
  7  2 16  1  1 20 19  3  3  9  7 16 18]
TRUE: [18 11 19 17  4 15 18  4  3 17 10 13  9  4  1 17 12 18 20 14  6  3 16  0 18
 19 18  1 17 17  9  9 12  2  2  7 11 11  6 14  8  9  7 15  4  1 16 12 18 10
  7  2 16  1  3 13 19  3  3  9  7 16 18]
PREDS: [18 11 19 17  4 15 18  4  3 17 10 18  9  1  1 17 12 18 20 14 18  3 16 15 18
 19 18  1 17 17  9  9  1  2  2  7 11 11  6 14  2  9  7 15  4  1 16 12 18 10
  7  2 16  1 17 20 19  3  3  9  7 16 18]
TRUE: [18 11 19 17  4 15 18  4  3 17 10 13  9  4  1 17 12 18 20 14  6  3 16  0 18
 19 18  1 17 17  9  9 12  2  2  7 11 11  6 14  8  9  7 15  4  1 16 12 18 10
  7  2 16  1  3 13 19  3  3  9  7 16 18]
PREDS: [[18, 0.080788068473339081], [11, 0.13151684403419495], [11, 0.076762020587921143], [7, 0.068552881479263306], [4, 0.083308055996894836], [1, 0.072966583073139191], [18, 0.11506428569555283], [4, 0.07825518399477005], [11, 0.064886726438999176], [11, 0.067984811961650848], [11, 0.068343572318553925], [11, 0.067377939820289612], [20, 0.067863903939723969], [1, 0.071244329214096069], [11, 0.080756150186061859], [7, 0.075305022299289703], [18, 0.074904739856719971], [18, 0.066862620413303375], [20, 0.074001215398311615], [18, 0.070648357272148132], [20, 0.061698943376541138], [11, 0.068141952157020569], [11, 0.077685244381427765], [11, 0.078699514269828796], [18, 0.11268061399459839], [11, 0.074219748377799988], [18, 0.11165954172611237], [1, 0.078318029642105103], [7, 0.072697438299655914], [7, 0.06874760240316391], [20, 0.071992270648479462], [20, 0.06526581197977066], [10, 0.062208749353885651], [18, 0.062073022127151489], [18, 0.062257938086986542], [7, 0.077979020774364471], [11, 0.1368192732334137], [11, 0.11626475304365158], [20, 0.075102709233760834], [4, 0.068349160254001617], [4, 0.062674075365066528], [11, 0.069376468658447266], [7, 0.070640832185745239], [18, 0.073015898466110229], [4, 0.081359580159187317], [11, 0.073767118155956268], [11, 0.079529553651809692], [1, 0.069878377020359039], [18, 0.083668813109397888], [10, 0.064781248569488525], [7, 0.071578100323677063], [14, 0.062568262219429016], [18, 0.073858641088008881], [11, 0.080139078199863434], [11, 0.065267853438854218], [15, 0.067027978599071503], [1, 0.070655323565006256], [11, 0.065637171268463135], [11, 0.066541768610477448], [20, 0.069335654377937317], [7, 0.078423798084259033], [11, 0.078118428587913513], [18, 0.11569947749376297]]
TRUE: [18 11 19 17  4 15 18  4  3 17 10 13  9  4  1 17 12 18 20 14  6  3 16  0 18
 19 18  1 17 17  9  9 12  2  2  7 11 11  6 14  8  9  7 15  4  1 16 12 18 10
  7  2 16  1  3 13 19  3  3  9  7 16 18]
PREDS: [[18, 0.094329483807086945], [11, 0.27151387929916382], [11, 0.091274738311767578], [7, 0.072239786386489868], [4, 0.13496182858943939], [1, 0.084206454455852509], [18, 0.16941457986831665], [4, 0.13229206204414368], [11, 0.072257988154888153], [11, 0.075705885887145996], [11, 0.082647010684013367], [11, 0.077805854380130768], [9, 0.079518578946590424], [1, 0.080784566700458527], [11, 0.088502764701843262], [7, 0.079669162631034851], [1, 0.072237081825733185], [18, 0.077901311218738556], [20, 0.11355020850896835], [11, 0.085397586226463318], [20, 0.067287050187587738], [11, 0.07737402617931366], [16, 0.088199026882648468], [11, 0.085329912602901459], [18, 0.16804113984107971], [11, 0.088704898953437805], [18, 0.15704302489757538], [1, 0.10860209167003632], [7, 0.075414314866065979], [7, 0.072235710918903351], [9, 0.089429669082164764], [9, 0.081143438816070557], [1, 0.067803524434566498], [2, 0.084469042718410492], [2, 0.081138864159584045], [7, 0.099820822477340698], [11, 0.27964556217193604], [11, 0.21972043812274933], [20, 0.082145653665065765], [4, 0.07807525247335434], [4, 0.073403745889663696], [9, 0.087211549282073975], [7, 0.093535088002681732], [15, 0.089154146611690521], [4, 0.14650823175907135], [11, 0.080048628151416779], [11, 0.089355088770389557], [1, 0.080703817307949066], [11, 0.10255547612905502], [10, 0.074139133095741272], [7, 0.089755728840827942], [2, 0.083115488290786743], [11, 0.082611240446567535], [11, 0.087337546050548553], [11, 0.072400040924549103], [15, 0.070871897041797638], [11, 0.084122553467750549], [11, 0.073842942714691162], [11, 0.074594303965568542], [20, 0.07669898122549057], [7, 0.10216241329908371], [11, 0.089874386787414551], [18, 0.1738152951002121]]
TRUE: [18 11 19 17  4 15 18  4  3 17 10 13  9  4  1 17 12 18 20 14  6  3 16  0 18
 19 18  1 17 17  9  9 12  2  2  7 11 11  6 14  8  9  7 15  4  1 16 12 18 10
  7  2 16  1  3 13 19  3  3  9  7 16 18]
PREDS: [[18, 0.115738645195961], [11, 0.36580026149749756], [11, 0.085685037076473236], [7, 0.078602954745292664], [4, 0.17286260426044464], [15, 0.091415800154209137], [18, 0.24460981786251068], [4, 0.17238244414329529], [7, 0.067254826426506042], [17, 0.084451965987682343], [11, 0.081057034432888031], [18, 0.075501717627048492], [9, 0.10263414680957794], [1, 0.086818329989910126], [1, 0.095564402639865875], [7, 0.087743289768695831], [1, 0.076815508306026459], [18, 0.09629327803850174], [20, 0.15620501339435577], [14, 0.090216942131519318], [20, 0.070052109658718109], [7, 0.082489438354969025], [16, 0.11340348422527313], [1, 0.086865514516830444], [18, 0.24505789577960968], [11, 0.083386778831481934], [18, 0.22319905459880829], [1, 0.14005507528781891], [17, 0.082832314074039459], [7, 0.078151606023311615], [9, 0.11890591681003571], [9, 0.1053711473941803], [1, 0.07616916298866272], [2, 0.12325271964073181], [2, 0.11370587348937988], [7, 0.13247580826282501], [11, 0.37358963489532471], [11, 0.2903897762298584], [20, 0.084902837872505188], [14, 0.075728230178356171], [4, 0.072694741189479828], [9, 0.11224215477705002], [7, 0.12697775661945343], [15, 0.10023991018533707], [4, 0.20041811466217041], [1, 0.096789948642253876], [16, 0.11040622740983963], [1, 0.086436785757541656], [18, 0.12981346249580383], [10, 0.09270063042640686], [7, 0.11628682911396027], [2, 0.12131965905427933], [16, 0.091020457446575165], [1, 0.096883885562419891], [11, 0.067209906876087189], [18, 0.070941410958766937], [1, 0.082030229270458221], [7, 0.070650085806846619], [7, 0.073738224804401398], [20, 0.08017333596944809], [7, 0.13920325040817261], [16, 0.10059478133916855], [18, 0.2543504536151886]]
TRUE: [18 11 19 17  4 15 18  4  3 17 10 13  9  4  1 17 12 18 20 14  6  3 16  0 18
 19 18  1 17 17  9  9 12  2  2  7 11 11  6 14  8  9  7 15  4  1 16 12 18 10
  7  2 16  1  3 13 19  3  3  9  7 16 18]
PREDS: [[18, 0.13518300652503967], [11, 0.39640161395072937], [1, 0.075092814862728119], [7, 0.088186480104923248], [4, 0.21817988157272339], [15, 0.12006480991840363], [18, 0.33334335684776306], [4, 0.22012500464916229], [7, 0.075990758836269379], [17, 0.10996142029762268], [10, 0.088246986269950867], [18, 0.082257971167564392], [9, 0.1231025829911232], [1, 0.086836367845535278], [1, 0.1039627268910408], [7, 0.099420689046382904], [7, 0.07954820990562439], [18, 0.11322751641273499], [20, 0.17811885476112366], [14, 0.11761058121919632], [7, 0.075611501932144165], [7, 0.095378674566745758], [16, 0.14593265950679779], [1, 0.087160967290401459], [18, 0.33655357360839844], [1, 0.072843566536903381], [18, 0.29995152354240417], [1, 0.15945622324943542], [17, 0.10810472071170807], [17, 0.088022932410240173], [9, 0.14797291159629822], [9, 0.12778794765472412], [1, 0.078425779938697815], [2, 0.14942653477191925], [2, 0.13447538018226624], [7, 0.17894788086414337], [11, 0.40300458669662476], [11, 0.30335736274719238], [20, 0.076333522796630859], [14, 0.094290740787982941], [4, 0.07330600917339325], [9, 0.1345900297164917], [7, 0.17794084548950195], [15, 0.13626199960708618], [4, 0.26381272077560425], [1, 0.10545297712087631], [16, 0.14177870750427246], [1, 0.083879463374614716], [18, 0.16085228323936462], [10, 0.11605280637741089], [7, 0.15292493999004364], [2, 0.14764280617237091], [16, 0.11353392899036407], [1, 0.10613760352134705], [7, 0.070897020399570465], [18, 0.076495036482810974], [1, 0.078493967652320862], [7, 0.08076244592666626], [7, 0.084542021155357361], [9, 0.086579367518424988], [7, 0.19270549714565277], [16, 0.12767884135246277], [18, 0.34952211380004883]]
TRUE: [18 11 19 17  4 15 18  4  3 17 10 13  9  4  1 17 12 18 20 14  6  3 16  0 18
 19 18  1 17 17  9  9 12  2  2  7 11 11  6 14  8  9  7 15  4  1 16 12 18 10
  7  2 16  1  3 13 19  3  3  9  7 16 18]
PREDS: [[18, 0.16210915148258209], [11, 0.5657927393913269], [1, 0.078327372670173645], [17, 0.11890121549367905], [4, 0.28219455480575562], [15, 0.16601461172103882], [18, 0.45711266994476318], [4, 0.28913486003875732], [3, 0.094995439052581787], [17, 0.15652774274349213], [10, 0.10804883390665054], [18, 0.085811831057071686], [9, 0.1775629073381424], [1, 0.097657755017280579], [1, 0.13860023021697998], [17, 0.14298416674137115], [1, 0.080744490027427673], [18, 0.13589367270469666], [20, 0.29033961892127991], [14, 0.22083240747451782], [20, 0.070184335112571716], [7, 0.089803710579872131], [16, 0.22510829567909241], [1, 0.095743775367736816], [18, 0.4664730429649353], [1, 0.074105098843574524], [18, 0.40320688486099243], [1, 0.23338751494884491], [17, 0.1557285338640213], [17, 0.11858336627483368], [9, 0.22399812936782837], [9, 0.18718273937702179], [1, 0.09349638968706131], [2, 0.19237548112869263], [2, 0.1682327538728714], [7, 0.22105647623538971], [11, 0.57149630784988403], [11, 0.44427251815795898], [20, 0.083520121872425079], [14, 0.16426809132099152], [1, 0.074520841240882874], [9, 0.1930488646030426], [7, 0.22907254099845886], [15, 0.1942150890827179], [4, 0.36153694987297058], [1, 0.14211650192737579], [16, 0.21797682344913483], [12, 0.097498543560504913], [18, 0.19354768097400665], [10, 0.1586659699678421], [7, 0.18203756213188171], [2, 0.19185064733028412], [16, 0.168826624751091], [1, 0.14454758167266846], [1, 0.069058507680892944], [18, 0.074625544250011444], [1, 0.082689583301544189], [3, 0.1091994121670723], [3, 0.10674802213907242], [9, 0.10584820061922073], [7, 0.24274300038814545], [16, 0.19616015255451202], [18, 0.48335307836532593]]
TRUE: [18 11 19 17  4 15 18  4  3 17 10 13  9  4  1 17 12 18 20 14  6  3 16  0 18
 19 18  1 17 17  9  9 12  2  2  7 11 11  6 14  8  9  7 15  4  1 16 12 18 10
  7  2 16  1  3 13 19  3  3  9  7 16 18]
PREDS: [[18, 0.18041422963142395], [11, 0.6317446231842041], [1, 0.087838985025882721], [17, 0.14438019692897797], [4, 0.31491774320602417], [15, 0.17601758241653442], [18, 0.51984494924545288], [4, 0.32456070184707642], [3, 0.1151832714676857], [17, 0.19450089335441589], [10, 0.12337719649076462], [18, 0.088656112551689148], [9, 0.20307031273841858], [1, 0.11115103960037231], [1, 0.17834445834159851], [17, 0.17852169275283813], [1, 0.092911802232265472], [18, 0.15122172236442566], [20, 0.33312779664993286], [14, 0.26604247093200684], [7, 0.075141683220863342], [7, 0.0993657186627388], [16, 0.26093366742134094], [1, 0.10908202081918716], [18, 0.53309333324432373], [1, 0.08242875337600708], [18, 0.46128195524215698], [1, 0.29922252893447876], [17, 0.19453237950801849], [17, 0.14270280301570892], [9, 0.2608487606048584], [9, 0.21446907520294189], [1, 0.1090279147028923], [2, 0.23324817419052124], [2, 0.20129692554473877], [7, 0.27593573927879333], [11, 0.6353219747543335], [11, 0.49286112189292908], [20, 0.078323908150196075], [14, 0.19301703572273254], [1, 0.083708673715591431], [9, 0.21991923451423645], [7, 0.28981888294219971], [15, 0.20860616862773895], [4, 0.41030886769294739], [1, 0.18290601670742035], [16, 0.25270375609397888], [12, 0.11627442389726639], [18, 0.21399214863777161], [10, 0.19000110030174255], [7, 0.22638946771621704], [2, 0.23449653387069702], [16, 0.19266755878925323], [1, 0.18736326694488525], [1, 0.078037254512310028], [1, 0.075817324221134186], [1, 0.092552676796913147], [3, 0.13262937963008881], [3, 0.13047835230827332], [9, 0.11419157683849335], [7, 0.30934765934944153], [16, 0.22629739344120026], [18, 0.55064010620117188]]
TRUE: [18 11 19 17  4 15 18  4  3 17 10 13  9  4  1 17 12 18 20 14  6  3 16  0 18
 19 18  1 17 17  9  9 12  2  2  7 11 11  6 14  8  9  7 15  4  1 16 12 18 10
  7  2 16  1  3 13 19  3  3  9  7 16 18]
PREDS: [[18, 0.19923858344554901], [11, 0.68884474039077759], [19, 0.096626073122024536], [17, 0.16525942087173462], [4, 0.34619957208633423], [15, 0.22830045223236084], [18, 0.57671976089477539], [4, 0.35944575071334839], [3, 0.12600269913673401], [17, 0.22563827037811279], [10, 0.13906873762607574], [18, 0.09153670072555542], [9, 0.23436026275157928], [1, 0.10941103845834732], [1, 0.18718686699867249], [17, 0.2093326598405838], [12, 0.10512892156839371], [18, 0.16709354519844055], [20, 0.39356237649917603], [14, 0.32296657562255859], [17, 0.072616316378116608], [3, 0.099989131093025208], [16, 0.30353376269340515], [1, 0.10664308071136475], [18, 0.59279429912567139], [19, 0.087744981050491333], [18, 0.51303154230117798], [1, 0.32656615972518921], [17, 0.22740334272384644], [17, 0.16192203760147095], [9, 0.30726161599159241], [9, 0.2498767077922821], [1, 0.10803993791341782], [2, 0.2716391384601593], [2, 0.23250351846218109], [7, 0.29435038566589355], [11, 0.69202697277069092], [11, 0.54897451400756836], [15, 0.079161792993545532], [14, 0.23061378300189972], [1, 0.079951740801334381], [9, 0.25335001945495605], [7, 0.31206601858139038], [15, 0.27285632491111755], [4, 0.45641708374023438], [1, 0.19289924204349518], [16, 0.29427388310432434], [12, 0.13738925755023956], [18, 0.23380261659622192], [10, 0.22205859422683716], [7, 0.24000020325183868], [2, 0.27544650435447693], [16, 0.22055982053279877], [1, 0.19857440888881683], [1, 0.075483120977878571], [15, 0.077777594327926636], [19, 0.094171836972236633], [3, 0.14549717307090759], [3, 0.1435764878988266], [9, 0.12359410524368286], [7, 0.33268725872039795], [16, 0.26254972815513611], [18, 0.61030179262161255]]
TRUE: [18 11 19 17  4 15 18  4  3 17 10 13  9  4  1 17 12 18 20 14  6  3 16  0 18
 19 18  1 17 17  9  9 12  2  2  7 11 11  6 14  8  9  7 15  4  1 16 12 18 10
  7  2 16  1  3 13 19  3  3  9  7 16 18]
PREDS: [[18, 0.21185913681983948], [11, 0.72379302978515625], [19, 0.11061207205057144], [17, 0.18358297646045685], [4, 0.36974290013313293], [15, 0.25331446528434753], [18, 0.61087930202484131], [4, 0.38578373193740845], [3, 0.15049390494823456], [17, 0.25447160005569458], [10, 0.15373566746711731], [18, 0.091663487255573273], [9, 0.27729398012161255], [1, 0.11354398727416992], [1, 0.20762988924980164], [17, 0.23703296482563019], [12, 0.13640151917934418], [18, 0.17707006633281708], [20, 0.41914504766464233], [14, 0.35562390089035034], [17, 0.071913354098796844], [3, 0.11807724833488464], [16, 0.3737022876739502], [1, 0.1102086529135704], [18, 0.62942594289779663], [19, 0.10036491602659225], [18, 0.54366439580917358], [1, 0.3705078661441803], [17, 0.25816261768341064], [17, 0.1782887727022171], [9, 0.36573278903961182], [9, 0.29527172446250916], [1, 0.11440406739711761], [2, 0.318097323179245], [2, 0.27038311958312988], [7, 0.32315006852149963], [11, 0.72670280933380127], [11, 0.58334934711456299], [15, 0.07657778263092041], [14, 0.25003933906555176], [1, 0.081924930214881897], [9, 0.29740551114082336], [7, 0.34778770804405212], [15, 0.30199769139289856], [4, 0.49118921160697937], [1, 0.21524088084697723], [16, 0.36253485083580017], [12, 0.18111240863800049], [18, 0.24400423467159271], [10, 0.2514919638633728], [7, 0.26291891932487488], [2, 0.3234005868434906], [16, 0.27439033985137939], [1, 0.22185462713241577], [3, 0.080828458070755005], [15, 0.075954936444759369], [19, 0.10758454352617264], [3, 0.17328427731990814], [3, 0.1718851625919342], [9, 0.14051435887813568], [7, 0.36907115578651428], [16, 0.32579898834228516], [18, 0.64657264947891235]]
TRUE: [18 11 19 17  4 15 18  4  3 17 10 13  9  4  1 17 12 18 20 14  6  3 16  0 18
 19 18  1 17 17  9  9 12  2  2  7 11 11  6 14  8  9  7 15  4  1 16 12 18 10
  7  2 16  1  3 13 19  3  3  9  7 16 18]
PREDS: [[18, 0.22914320230484009], [11, 0.73644524812698364], [19, 0.12719719111919403], [17, 0.20654056966304779], [4, 0.39727255702018738], [15, 0.2692791223526001], [18, 0.65559637546539307], [4, 0.4156130850315094], [3, 0.18188437819480896], [17, 0.28813281655311584], [10, 0.16341927647590637], [18, 0.094784550368785858], [9, 0.30112314224243164], [1, 0.11760372668504715], [1, 0.23001238703727722], [17, 0.26980817317962646], [12, 0.14655293524265289], [18, 0.19181333482265472], [20, 0.46509367227554321], [14, 0.42768925428390503], [6, 0.074333891272544861], [3, 0.14094103872776031], [16, 0.43732562661170959], [1, 0.11288858205080032], [18, 0.67446279525756836], [19, 0.1153215765953064], [18, 0.58652794361114502], [1, 0.4132409393787384], [17, 0.2938765287399292], [17, 0.19842952489852905], [9, 0.39918524026870728], [9, 0.32220274209976196], [1, 0.12115150690078735], [2, 0.34572753310203552], [2, 0.2934892475605011], [7, 0.35837551951408386], [11, 0.73945170640945435], [11, 0.5929301381111145], [6, 0.075576186180114746], [14, 0.30233597755432129], [1, 0.082770034670829773], [9, 0.32386153936386108], [7, 0.38728541135787964], [15, 0.32335877418518066], [4, 0.52851861715316772], [1, 0.2380283921957016], [16, 0.42455542087554932], [12, 0.19629442691802979], [18, 0.26348719000816345], [10, 0.27481934428215027], [7, 0.29161128401756287], [2, 0.35238462686538696], [16, 0.32664906978607178], [1, 0.24601045250892639], [3, 0.09028249979019165], [1, 0.074119620025157928], [19, 0.12308624386787415], [3, 0.20905464887619019], [3, 0.20810423791408539], [9, 0.14759734272956848], [7, 0.41215652227401733], [16, 0.38466688990592957], [18, 0.69133967161178589]]
TRUE: [18 11 19 17  4 15 18  4  3 17 10 13  9  4  1 17 12 18 20 14  6  3 16  0 18
 19 18  1 17 17  9  9 12  2  2  7 11 11  6 14  8  9  7 15  4  1 16 12 18 10
  7  2 16  1  3 13 19  3  3  9  7 16 18]
PREDS: [[18, 0.25494259595870972], [11, 0.77037447690963745], [19, 0.15435208380222321], [17, 0.22240640223026276], [4, 0.4236067533493042], [15, 0.30091181397438049], [18, 0.70248425006866455], [4, 0.44450125098228455], [3, 0.20306766033172607], [17, 0.31318524479866028], [10, 0.17842313647270203], [18, 0.10107272863388062], [9, 0.33311033248901367], [1, 0.11580545455217361], [1, 0.23846147954463959], [17, 0.29365012049674988], [12, 0.1558409184217453], [18, 0.21524965763092041], [20, 0.48113334178924561], [14, 0.4595758318901062], [6, 0.081043854355812073], [3, 0.15541949868202209], [16, 0.47969645261764526], [1, 0.11029961705207825], [18, 0.72159409523010254], [19, 0.13965226709842682], [18, 0.6357426643371582], [1, 0.43260166049003601], [17, 0.32008808851242065], [17, 0.21252167224884033], [9, 0.44162347912788391], [9, 0.3570016622543335], [1, 0.11988899856805801], [2, 0.41763457655906677], [2, 0.35405805706977844], [7, 0.39846524596214294], [11, 0.77294462919235229], [11, 0.63170409202575684], [6, 0.083251409232616425], [14, 0.32268354296684265], [16, 0.081801734864711761], [9, 0.35755851864814758], [7, 0.43221777677536011], [15, 0.35317924618721008], [4, 0.56387907266616821], [1, 0.24644793570041656], [16, 0.46624669432640076], [12, 0.21254196763038635], [18, 0.29114365577697754], [10, 0.30692371726036072], [7, 0.32506108283996582], [2, 0.42506596446037292], [16, 0.36040455102920532], [1, 0.25549432635307312], [3, 0.094638757407665253], [18, 0.0775899738073349], [19, 0.14819228649139404], [3, 0.23284055292606354], [3, 0.23254518210887909], [9, 0.15898130834102631], [7, 0.45934197306632996], [16, 0.42261633276939392], [18, 0.73772895336151123]]
TRUE: [18 11 19 17  4 15 18  4  3 17 10 13  9  4  1 17 12 18 20 14  6  3 16  0 18
 19 18  1 17 17  9  9 12  2  2  7 11 11  6 14  8  9  7 15  4  1 16 12 18 10
  7  2 16  1  3 13 19  3  3  9  7 16 18]
PREDS: [[18, 0.26865279674530029], [11, 0.77987539768218994], [19, 0.18439652025699615], [17, 0.24887798726558685], [4, 0.4502081573009491], [15, 0.31710052490234375], [18, 0.72723937034606934], [4, 0.47433805465698242], [3, 0.22272588312625885], [17, 0.3518766462802887], [10, 0.19394418597221375], [18, 0.10175395011901855], [9, 0.36708232760429382], [1, 0.12085831165313721], [1, 0.261249840259552], [17, 0.33106890320777893], [12, 0.16679647564888], [18, 0.22611571848392487], [20, 0.5410541296005249], [14, 0.50761514902114868], [6, 0.09201958030462265], [3, 0.16914917528629303], [16, 0.53444111347198486], [1, 0.11449801176786423], [18, 0.74690324068069458], [19, 0.16679307818412781], [18, 0.65951859951019287], [1, 0.47768837213516235], [17, 0.35976547002792358], [17, 0.23715738952159882], [9, 0.48517736792564392], [9, 0.39343327283859253], [1, 0.12673307955265045], [2, 0.4385349452495575], [2, 0.37022361159324646], [7, 0.41087868809700012], [11, 0.78264391422271729], [11, 0.6381380558013916], [6, 0.095289282500743866], [14, 0.35885441303253174], [16, 0.084756247699260712], [9, 0.39382606744766235], [7, 0.44776669144630432], [15, 0.37297853827476501], [4, 0.59925371408462524], [1, 0.2703227698802948], [16, 0.52015596628189087], [12, 0.22830945253372192], [18, 0.30204001069068909], [10, 0.33742448687553406], [7, 0.3351387083530426], [2, 0.4465368390083313], [16, 0.40515148639678955], [1, 0.28136634826660156], [3, 0.098448075354099274], [18, 0.076813049614429474], [19, 0.17598670721054077], [3, 0.25609463453292847], [3, 0.25697672367095947], [9, 0.17193914949893951], [7, 0.47533455491065979], [16, 0.47445675730705261], [18, 0.76270312070846558]]
TRUE: [18 11 19 17  4 15 18  4  3 17 10 13  9  4  1 17 12 18 20 14  6  3 16  0 18
 19 18  1 17 17  9  9 12  2  2  7 11 11  6 14  8  9  7 15  4  1 16 12 18 10
  7  2 16  1  3 13 19  3  3  9  7 16 18]
PREDS: [[18, 0.27585422992706299], [11, 0.80935639142990112], [19, 0.20879745483398438], [17, 0.27025753259658813], [4, 0.47854578495025635], [15, 0.34575927257537842], [18, 0.73949885368347168], [4, 0.50414597988128662], [3, 0.24539092183113098], [17, 0.38226422667503357], [10, 0.20836128294467926], [18, 0.10006784647703171], [9, 0.39930993318557739], [1, 0.12036082148551941], [1, 0.27197554707527161], [17, 0.36034169793128967], [12, 0.21678020060062408], [18, 0.23233768343925476], [20, 0.57420384883880615], [14, 0.53270655870437622], [6, 0.097266599535942078], [3, 0.18337923288345337], [16, 0.53898787498474121], [1, 0.11378739774227142], [18, 0.75963491201400757], [19, 0.18856889009475708], [18, 0.67108559608459473], [1, 0.49946257472038269], [17, 0.39146053791046143], [17, 0.25650492310523987], [9, 0.52544504404067993], [9, 0.42802855372428894], [1, 0.12759847939014435], [2, 0.46697020530700684], [2, 0.39442101120948792], [7, 0.44467207789421082], [11, 0.81136846542358398], [11, 0.67553603649139404], [6, 0.10129321366548538], [14, 0.37695705890655518], [1, 0.079668760299682617], [9, 0.42711710929870605], [7, 0.48627299070358276], [15, 0.40675202012062073], [4, 0.63300925493240356], [1, 0.28295972943305969], [16, 0.52476978302001953], [12, 0.2984880805015564], [18, 0.30438748002052307], [10, 0.36800301074981689], [7, 0.36351332068443298], [2, 0.47642135620117188], [16, 0.40431636571884155], [1, 0.29544299840927124], [3, 0.10280480980873108], [18, 0.073790103197097778], [19, 0.19899052381515503], [3, 0.27951338887214661], [3, 0.28029459714889526], [9, 0.18390332162380219], [7, 0.51404666900634766], [16, 0.47523128986358643], [18, 0.77489668130874634]]
TRUE: [18 11 19 17  4 15 18  4  3 17 10 13  9  4  1 17 12 18 20 14  6  3 16  0 18
 19 18  1 17 17  9  9 12  2  2  7 11 11  6 14  8  9  7 15  4  1 16 12 18 10
  7  2 16  1  3 13 19  3  3  9  7 16 18]
PREDS: [[18, 0.29303932189941406], [11, 0.829245924949646], [19, 0.23566880822181702], [17, 0.29181423783302307], [4, 0.50046455860137939], [15, 0.37890157103538513], [18, 0.76329243183135986], [4, 0.5293731689453125], [3, 0.26829499006271362], [17, 0.41287225484848022], [10, 0.23678407073020935], [18, 0.10285232961177826], [9, 0.41251048445701599], [1, 0.12808828055858612], [1, 0.30109292268753052], [17, 0.39011770486831665], [12, 0.22027400135993958], [18, 0.24775975942611694], [20, 0.59001636505126953], [14, 0.55448752641677856], [6, 0.10574819147586823], [3, 0.19953376054763794], [16, 0.57042008638381958], [1, 0.1198202520608902], [18, 0.78282475471496582], [19, 0.21346436440944672], [18, 0.6969870924949646], [1, 0.54492068290710449], [17, 0.42244011163711548], [17, 0.2763359546661377], [9, 0.54351156949996948], [9, 0.44322502613067627], [1, 0.13883216679096222], [2, 0.48716765642166138], [2, 0.412404865026474], [7, 0.46239635348320007], [11, 0.83069592714309692], [11, 0.70052552223205566], [6, 0.11116541177034378], [14, 0.39164477586746216], [1, 0.085066854953765869], [9, 0.44094401597976685], [7, 0.50613319873809814], [15, 0.44001105427742004], [4, 0.65905410051345825], [1, 0.31245648860931396], [16, 0.5561518669128418], [12, 0.30443033576011658], [18, 0.32072415947914124], [10, 0.41368871927261353], [7, 0.37779003381729126], [2, 0.49862459301948547], [16, 0.43100112676620483], [1, 0.32649609446525574], [3, 0.10764144361019135], [18, 0.075119197368621826], [19, 0.22348099946975708], [3, 0.30544489622116089], [3, 0.30709227919578552], [9, 0.18534025549888611], [7, 0.53460508584976196], [16, 0.50622648000717163], [18, 0.79704207181930542]]
TRUE: [18 11 19 17  4 15 18  4  3 17 10 13  9  4  1 17 12 18 20 14  6  3 16  0 18
 19 18  1 17 17  9  9 12  2  2  7 11 11  6 14  8  9  7 15  4  1 16 12 18 10
  7  2 16  1  3 13 19  3  3  9  7 16 18]
PREDS: [[18, 0.31169798970222473], [11, 0.84880471229553223], [19, 0.25833317637443542], [17, 0.31990286707878113], [4, 0.51276087760925293], [15, 0.40491682291030884], [18, 0.78418427705764771], [4, 0.54321980476379395], [3, 0.29369577765464783], [17, 0.45106726884841919], [10, 0.23924632370471954], [18, 0.10583451390266418], [9, 0.4372941255569458], [1, 0.13363008201122284], [1, 0.325338214635849], [17, 0.4280322790145874], [12, 0.23422986268997192], [18, 0.26428213715553284], [20, 0.61575818061828613], [14, 0.60588830709457397], [6, 0.11235366016626358], [3, 0.21741595864295959], [16, 0.59195244312286377], [1, 0.12431634962558746], [18, 0.8028373122215271], [19, 0.23425039649009705], [18, 0.72013890743255615], [1, 0.57802653312683105], [17, 0.46176597476005554], [17, 0.3031400740146637], [9, 0.57316803932189941], [9, 0.4693036675453186], [1, 0.1475590318441391], [2, 0.51229065656661987], [2, 0.4352683424949646], [7, 0.47440248727798462], [11, 0.84978270530700684], [11, 0.72505718469619751], [6, 0.1185615062713623], [14, 0.43642288446426392], [1, 0.088371455669403076], [9, 0.46617493033409119], [7, 0.52160948514938354], [15, 0.46962779760360718], [4, 0.67390435934066772], [1, 0.33772313594818115], [16, 0.57778555154800415], [12, 0.32509538531303406], [18, 0.33574676513671875], [10, 0.42756590247154236], [7, 0.38613125681877136], [2, 0.52587968111038208], [16, 0.44964984059333801], [1, 0.35219141840934753], [3, 0.11356727778911591], [1, 0.07720666378736496], [19, 0.2447657436132431], [3, 0.33350270986557007], [3, 0.33582976460456848], [9, 0.19391685724258423], [7, 0.54937994480133057], [16, 0.5269809365272522], [18, 0.81643044948577881]]
TRUE: [18 11 19 17  4 15 18  4  3 17 10 13  9  4  1 17 12 18 20 14  6  3 16  0 18
 19 18  1 17 17  9  9 12  2  2  7 11 11  6 14  8  9  7 15  4  1 16 12 18 10
  7  2 16  1  3 13 19  3  3  9  7 16 18]
PREDS: [[18, 0.33270028233528137], [11, 0.85147935152053833], [19, 0.27904245257377625], [17, 0.33616805076599121], [4, 0.52066028118133545], [15, 0.42244687676429749], [18, 0.80231207609176636], [4, 0.55055141448974609], [3, 0.31212121248245239], [17, 0.47356751561164856], [10, 0.25138494372367859], [18, 0.10968940705060959], [9, 0.45123457908630371], [1, 0.13478942215442657], [1, 0.33719354867935181], [17, 0.44924452900886536], [12, 0.23190601170063019], [18, 0.28330725431442261], [20, 0.66113722324371338], [14, 0.62235748767852783], [6, 0.123984694480896], [3, 0.22970657050609589], [16, 0.61889195442199707], [1, 0.12415004521608353], [18, 0.81986367702484131], [19, 0.25341567397117615], [18, 0.74062430858612061], [1, 0.59661757946014404], [17, 0.48440080881118774], [17, 0.31776502728462219], [9, 0.59071332216262817], [9, 0.48519498109817505], [1, 0.15012384951114655], [2, 0.53232741355895996], [2, 0.45158872008323669], [7, 0.50964128971099854], [11, 0.85259842872619629], [11, 0.72934675216674805], [6, 0.13165171444416046], [14, 0.44858288764953613], [1, 0.087449878454208374], [9, 0.48104020953178406], [7, 0.55978608131408691], [15, 0.48635667562484741], [4, 0.68451863527297974], [1, 0.35004144906997681], [16, 0.60460412502288818], [12, 0.32625797390937805], [18, 0.35193654894828796], [10, 0.44992858171463013], [7, 0.41745826601982117], [2, 0.54615867137908936], [16, 0.4735548198223114], [1, 0.36598271131515503], [3, 0.11640294641256332], [18, 0.077950701117515564], [19, 0.26469478011131287], [3, 0.35448360443115234], [3, 0.35734298825263977], [9, 0.1974484771490097], [7, 0.58743077516555786], [16, 0.55313527584075928], [18, 0.83298194408416748]]
TRUE: [18 11 19 17  4 15 18  4  3 17 10 13  9  4  1 17 12 18 20 14  6  3 16  0 18
 19 18  1 17 17  9  9 12  2  2  7 11 11  6 14  8  9  7 15  4  1 16 12 18 10
  7  2 16  1  3 13 19  3  3  9  7 16 18]
PREDS: [[18, 0.34894689917564392], [11, 0.85761821269989014], [19, 0.30588361620903015], [17, 0.35440248250961304], [4, 0.53998881578445435], [15, 0.44343814253807068], [18, 0.81646370887756348], [4, 0.57172203063964844], [3, 0.32141232490539551], [17, 0.49841514229774475], [10, 0.26143872737884521], [18, 0.1120927706360817], [9, 0.47889241576194763], [1, 0.13640561699867249], [1, 0.35313341021537781], [17, 0.47367826104164124], [12, 0.25143080949783325], [18, 0.29780218005180359], [20, 0.67244398593902588], [14, 0.65513801574707031], [6, 0.13665580749511719], [3, 0.23572695255279541], [16, 0.65499293804168701], [1, 0.12470210343599319], [18, 0.83360183238983154], [19, 0.27842026948928833], [18, 0.75673443078994751], [1, 0.61847954988479614], [17, 0.50938397645950317], [17, 0.33450308442115784], [9, 0.62067931890487671], [9, 0.51394850015640259], [1, 0.15227398276329041], [2, 0.56686162948608398], [2, 0.48292386531829834], [7, 0.51445811986923218], [11, 0.85901176929473877], [11, 0.73625993728637695], [6, 0.14587995409965515], [14, 0.47867166996002197], [1, 0.087038375437259674], [9, 0.50966721773147583], [7, 0.56552326679229736], [15, 0.50418609380722046], [4, 0.70490705966949463], [1, 0.36662179231643677], [16, 0.64045363664627075], [12, 0.35168498754501343], [18, 0.36391866207122803], [10, 0.47010961174964905], [7, 0.42039188742637634], [2, 0.58119440078735352], [16, 0.50788336992263794], [1, 0.38373500108718872], [3, 0.11697244644165039], [18, 0.078406281769275665], [19, 0.28952586650848389], [3, 0.36471155285835266], [3, 0.36839863657951355], [9, 0.20928956568241119], [7, 0.59364491701126099], [16, 0.59154599905014038], [18, 0.84594714641571045]]
TRUE: [18 11 19 17  4 15 18  4  3 17 10 13  9  4  1 17 12 18 20 14  6  3 16  0 18
 19 18  1 17 17  9  9 12  2  2  7 11 11  6 14  8  9  7 15  4  1 16 12 18 10
  7  2 16  1  3 13 19  3  3  9  7 16 18]
PREDS: [[18, 0.36243811249732971], [11, 0.8614274263381958], [19, 0.32663291692733765], [17, 0.3650338351726532], [4, 0.5609094500541687], [15, 0.46252915263175964], [18, 0.82572054862976074], [4, 0.59547364711761475], [3, 0.35897505283355713], [17, 0.51265764236450195], [10, 0.27131080627441406], [18, 0.11302730441093445], [9, 0.49397492408752441], [1, 0.13766960799694061], [1, 0.36748996376991272], [17, 0.48799616098403931], [12, 0.27342548966407776], [18, 0.30996623635292053], [20, 0.68033045530319214], [14, 0.67119991779327393], [6, 0.14731802046298981], [3, 0.26360881328582764], [16, 0.67455261945724487], [1, 0.12473072111606598], [18, 0.84299689531326294], [19, 0.29777112603187561], [18, 0.76722759008407593], [1, 0.63943946361541748], [17, 0.52519798278808594], [17, 0.34316465258598328], [9, 0.63716202974319458], [9, 0.53004163503646851], [1, 0.15453214943408966], [2, 0.58309537172317505], [2, 0.49811449646949768], [7, 0.53170228004455566], [11, 0.86283046007156372], [11, 0.74345648288726807], [6, 0.15780267119407654], [14, 0.49217990040779114], [1, 0.08689996600151062], [9, 0.52551954984664917], [7, 0.5840798020362854], [15, 0.52358531951904297], [4, 0.72576874494552612], [1, 0.38154789805412292], [16, 0.66016691923141479], [12, 0.38184285163879395], [18, 0.37125694751739502], [10, 0.4905189573764801], [7, 0.43597793579101562], [2, 0.59863775968551636], [16, 0.52840501070022583], [1, 0.39970028400421143], [3, 0.12682843208312988], [18, 0.078433975577354431], [19, 0.30833834409713745], [3, 0.40508422255516052], [3, 0.40981769561767578], [9, 0.21456412971019745], [7, 0.61306065320968628], [16, 0.61106067895889282], [18, 0.85473465919494629]]
TRUE: [18 11 19 17  4 15 18  4  3 17 10 13  9  4  1 17 12 18 20 14  6  3 16  0 18
 19 18  1 17 17  9  9 12  2  2  7 11 11  6 14  8  9  7 15  4  1 16 12 18 10
  7  2 16  1  3 13 19  3  3  9  7 16 18]
PREDS: [[18, 0.38182505965232849], [11, 0.87082785367965698], [19, 0.35642918944358826], [17, 0.39137163758277893], [4, 0.58770239353179932], [15, 0.48978692293167114], [18, 0.83827394247055054], [4, 0.62376302480697632], [3, 0.38448324799537659], [17, 0.54428321123123169], [10, 0.27953064441680908], [18, 0.11651521921157837], [9, 0.512523353099823], [1, 0.13822954893112183], [1, 0.37588772177696228], [17, 0.52087152004241943], [12, 0.27594846487045288], [18, 0.32771310210227966], [20, 0.69204658269882202], [14, 0.69125169515609741], [6, 0.1513233482837677], [3, 0.28280884027481079], [16, 0.69314181804656982], [1, 0.12352275103330612], [18, 0.8549160361289978], [19, 0.32570278644561768], [18, 0.78263860940933228], [1, 0.65231549739837646], [17, 0.55820244550704956], [17, 0.36706292629241943], [9, 0.65715837478637695], [9, 0.54894024133682251], [1, 0.1563732773065567], [2, 0.58823192119598389], [2, 0.50240498781204224], [7, 0.54690307378768921], [11, 0.87207388877868652], [11, 0.75722455978393555], [6, 0.16243872046470642], [14, 0.51040506362915039], [1, 0.086133599281311035], [9, 0.54350137710571289], [7, 0.60040074586868286], [15, 0.55221772193908691], [4, 0.75181329250335693], [1, 0.39155718684196472], [16, 0.67897385358810425], [12, 0.38662657141685486], [18, 0.3863556981086731], [10, 0.50674676895141602], [7, 0.44926935434341431], [2, 0.60428375005722046], [16, 0.54702174663543701], [1, 0.41025805473327637], [3, 0.13307435810565948], [18, 0.080191709101200104], [19, 0.33670881390571594], [3, 0.43245884776115417], [3, 0.43809208273887634], [9, 0.22138974070549011], [7, 0.62917190790176392], [16, 0.63010686635971069], [18, 0.86588132381439209]]
TRUE: [18 11 19 17  4 15 18  4  3 17 10 13  9  4  1 17 12 18 20 14  6  3 16  0 18
 19 18  1 17 17  9  9 12  2  2  7 11 11  6 14  8  9  7 15  4  1 16 12 18 10
  7  2 16  1  3 13 19  3  3  9  7 16 18]
PREDS: [[18, 0.38943040370941162], [11, 0.88011848926544189], [19, 0.37614229321479797], [17, 0.39175909757614136], [4, 0.5928226113319397], [15, 0.50315791368484497], [18, 0.84277033805847168], [4, 0.62841463088989258], [3, 0.39912489056587219], [17, 0.54670804738998413], [10, 0.29003426432609558], [18, 0.11570016294717789], [9, 0.54530876874923706], [1, 0.13839638233184814], [1, 0.38523697853088379], [17, 0.52256059646606445], [12, 0.29524087905883789], [18, 0.3339124321937561], [20, 0.70528596639633179], [14, 0.71474391222000122], [6, 0.15918107330799103], [3, 0.2934703528881073], [16, 0.70451325178146362], [1, 0.12050673365592957], [18, 0.85951215028762817], [19, 0.34384638071060181], [18, 0.78735160827636719], [1, 0.66579413414001465], [17, 0.56152242422103882], [17, 0.36635008454322815], [9, 0.68817883729934692], [9, 0.58134287595748901], [1, 0.15651270747184753], [2, 0.61122375726699829], [2, 0.52339822053909302], [7, 0.55870610475540161], [11, 0.88126498460769653], [11, 0.77134412527084351], [6, 0.17124901711940765], [14, 0.5343506932258606], [1, 0.085055410861968994], [9, 0.57613629102706909], [7, 0.61372166872024536], [15, 0.56071114540100098], [4, 0.75794100761413574], [1, 0.40136772394180298], [16, 0.69053167104721069], [12, 0.41028639674186707], [18, 0.38846755027770996], [10, 0.525856614112854], [7, 0.4594208300113678], [2, 0.62716460227966309], [16, 0.55787211656570435], [1, 0.42118313908576965], [3, 0.13516920804977417], [18, 0.078415282070636749], [19, 0.35508161783218384], [3, 0.44774508476257324], [3, 0.45420822501182556], [9, 0.23945517838001251], [7, 0.64251255989074707], [16, 0.64156836271286011], [18, 0.87023591995239258]]
TRUE: [18 11 19 17  4 15 18  4  3 17 10 13  9  4  1 17 12 18 20 14  6  3 16  0 18
 19 18  1 17 17  9  9 12  2  2  7 11 11  6 14  8  9  7 15  4  1 16 12 18 10
  7  2 16  1  3 13 19  3  3  9  7 16 18]
PREDS: [[18, 0.4067695140838623], [11, 0.88399022817611694], [19, 0.40278518199920654], [17, 0.41346916556358337], [4, 0.61684119701385498], [15, 0.5188106894493103], [18, 0.85257107019424438], [4, 0.65445202589035034], [3, 0.41484576463699341], [17, 0.57291769981384277], [10, 0.29766750335693359], [18, 0.11901338398456573], [9, 0.55480611324310303], [1, 0.14282527565956116], [1, 0.40622174739837646], [17, 0.54929417371749878], [12, 0.29993680119514465], [18, 0.35039183497428894], [20, 0.7183108925819397], [14, 0.72322934865951538], [6, 0.1721966564655304], [3, 0.30345422029495239], [16, 0.71904647350311279], [1, 0.12393629550933838], [18, 0.86884790658950806], [19, 0.36995875835418701], [18, 0.79993349313735962], [1, 0.68905037641525269], [17, 0.58810019493103027], [17, 0.38682800531387329], [9, 0.69894629716873169], [9, 0.59156626462936401], [1, 0.16394755244255066], [2, 0.62377637624740601], [2, 0.53578168153762817], [7, 0.57518750429153442], [11, 0.88497883081436157], [11, 0.77583932876586914], [6, 0.18588893115520477], [14, 0.54148435592651367], [1, 0.087696865200996399], [9, 0.58640861511230469], [7, 0.63090884685516357], [15, 0.57901495695114136], [4, 0.77971303462982178], [1, 0.4223237931728363], [16, 0.70533311367034912], [12, 0.41752597689628601], [18, 0.40103122591972351], [10, 0.53979003429412842], [7, 0.4747810959815979], [2, 0.64056485891342163], [16, 0.57308614253997803], [1, 0.44309353828430176], [3, 0.13788828253746033], [18, 0.080132283270359039], [19, 0.38063231110572815], [3, 0.46216660737991333], [3, 0.46832731366157532], [9, 0.24159237742424011], [7, 0.66006672382354736], [16, 0.65697324275970459], [18, 0.87891519069671631]]
TRUE: [18 11 19 17  4 15 18  4  3 17 10 13  9  4  1 17 12 18 20 14  6  3 16  0 18
 19 18  1 17 17  9  9 12  2  2  7 11 11  6 14  8  9  7 15  4  1 16 12 18 10
  7  2 16  1  3 13 19  3  3  9  7 16 18]
PREDS: [[18, 0.41682863235473633], [11, 0.89426767826080322], [19, 0.41440969705581665], [17, 0.41994938254356384], [4, 0.6252245306968689], [15, 0.526439368724823], [18, 0.85778796672821045], [4, 0.66370773315429688], [3, 0.43295669555664062], [17, 0.58212101459503174], [10, 0.30207353830337524], [18, 0.11893416196107864], [9, 0.56228339672088623], [1, 0.14968334138393402], [1, 0.43140828609466553], [17, 0.55756443738937378], [12, 0.31470340490341187], [18, 0.35966870188713074], [20, 0.73331892490386963], [14, 0.74504935741424561], [6, 0.18315523862838745], [3, 0.31719952821731567], [16, 0.73256146907806396], [1, 0.12859214842319489], [18, 0.87396621704101562], [19, 0.38109594583511353], [18, 0.80572474002838135], [1, 0.71267479658126831], [17, 0.59751331806182861], [17, 0.39291396737098694], [9, 0.70753359794616699], [9, 0.59993326663970947], [1, 0.17457984387874603], [2, 0.64209431409835815], [2, 0.55481928586959839], [7, 0.58762532472610474], [11, 0.89533573389053345], [11, 0.79165560007095337], [6, 0.19807533919811249], [14, 0.56519109010696411], [1, 0.091193057596683502], [9, 0.59495532512664795], [7, 0.64355993270874023], [15, 0.58679711818695068], [4, 0.78742790222167969], [1, 0.44754552841186523], [16, 0.71911877393722534], [12, 0.4362606406211853], [18, 0.40380176901817322], [10, 0.55006152391433716], [7, 0.4860403835773468], [2, 0.66000699996948242], [16, 0.58750540018081665], [1, 0.4678415060043335], [3, 0.14128421247005463], [18, 0.079197116196155548], [19, 0.39124372601509094], [3, 0.48218256235122681], [3, 0.48869982361793518], [9, 0.24328695237636566], [7, 0.67328548431396484], [16, 0.67096048593521118], [18, 0.88365155458450317]]
TRUE: [18 11 19 17  4 15 18  4  3 17 10 13  9  4  1 17 12 18 20 14  6  3 16  0 18
 19 18  1 17 17  9  9 12  2  2  7 11 11  6 14  8  9  7 15  4  1 16 12 18 10
  7  2 16  1  3 13 19  3  3  9  7 16 18]
PREDS: [[18, 0.429390549659729], [11, 0.89885413646697998], [19, 0.42831242084503174], [17, 0.43906345963478088], [4, 0.63065385818481445], [15, 0.53976893424987793], [18, 0.86434388160705566], [4, 0.66958922147750854], [3, 0.44914925098419189], [17, 0.60371118783950806], [10, 0.31422874331474304], [18, 0.12037235498428345], [9, 0.57595163583755493], [1, 0.1518869549036026], [1, 0.44341358542442322], [17, 0.57964897155761719], [12, 0.31967669725418091], [18, 0.37065795063972473], [20, 0.74696952104568481], [14, 0.76015853881835938], [6, 0.1982654482126236], [3, 0.32881510257720947], [16, 0.73904997110366821], [0, 0.12990954518318176], [18, 0.87998592853546143], [19, 0.39437848329544067], [18, 0.8139345645904541], [1, 0.72775727510452271], [17, 0.61927324533462524], [17, 0.41097483038902283], [9, 0.72045785188674927], [9, 0.61373656988143921], [1, 0.17818659543991089], [2, 0.65335679054260254], [2, 0.56622499227523804], [7, 0.59449160099029541], [11, 0.89976811408996582], [11, 0.79854100942611694], [6, 0.21522726118564606], [14, 0.58135020732879639], [1, 0.09165460616350174], [9, 0.60833418369293213], [7, 0.6516844630241394], [15, 0.60326069593429565], [4, 0.79261887073516846], [1, 0.45977920293807983], [16, 0.72566843032836914], [12, 0.44344449043273926], [18, 0.4124704897403717], [10, 0.5689510703086853], [7, 0.49092954397201538], [2, 0.67183750867843628], [16, 0.59409922361373901], [1, 0.48061776161193848], [3, 0.14439265429973602], [18, 0.079385042190551758], [19, 0.40424716472625732], [3, 0.49837788939476013], [3, 0.50509536266326904], [9, 0.24927125871181488], [7, 0.68068403005599976], [16, 0.67721915245056152], [18, 0.88928389549255371]]
TRUE: [18 11 19 17  4 15 18  4  3 17 10 13  9  4  1 17 12 18 20 14  6  3 16  0 18
 19 18  1 17 17  9  9 12  2  2  7 11 11  6 14  8  9  7 15  4  1 16 12 18 10
  7  2 16  1  3 13 19  3  3  9  7 16 18]
PREDS: [[18, 0.43947696685791016], [11, 0.90543568134307861], [19, 0.45804256200790405], [17, 0.45459839701652527], [4, 0.63809323310852051], [15, 0.5502779483795166], [18, 0.86890757083892822], [4, 0.6778637170791626], [3, 0.4656531810760498], [17, 0.62218672037124634], [10, 0.32503935694694519], [18, 0.121211938560009], [9, 0.59010088443756104], [1, 0.15077231824398041], [1, 0.44828009605407715], [17, 0.59762006998062134], [12, 0.3306659460067749], [18, 0.37975317239761353], [20, 0.75203931331634521], [14, 0.76493507623672485], [6, 0.20718654990196228], [3, 0.34139212965965271], [16, 0.75143122673034668], [0, 0.13635057210922241], [18, 0.88445591926574707], [19, 0.42321151494979858], [18, 0.8193809986114502], [1, 0.73373091220855713], [17, 0.63779175281524658], [17, 0.42643177509307861], [9, 0.73357325792312622], [9, 0.62802582979202271], [1, 0.17689086496829987], [2, 0.67458528280258179], [2, 0.58556538820266724], [7, 0.60698264837265015], [11, 0.90634530782699585], [11, 0.80882406234741211], [6, 0.22508485615253448], [14, 0.58567970991134644], [1, 0.089583441615104675], [9, 0.62189728021621704], [7, 0.6642681360244751], [15, 0.6130983829498291], [4, 0.79918402433395386], [1, 0.46506574749946594], [16, 0.73823225498199463], [12, 0.45720452070236206], [18, 0.4170844554901123], [10, 0.58545732498168945], [7, 0.50319492816925049], [2, 0.6920819878578186], [16, 0.60814738273620605], [1, 0.487018883228302], [3, 0.14766030013561249], [18, 0.079171806573867798], [19, 0.43286487460136414], [3, 0.51542991399765015], [3, 0.52268332242965698], [9, 0.25579684972763062], [7, 0.69352155923843384], [16, 0.69039970636367798], [18, 0.89344048500061035]]
TRUE: [18 11 19 17  4 15 18  4  3 17 10 13  9  4  1 17 12 18 20 14  6  3 16  0 18
 19 18  1 17 17  9  9 12  2  2  7 11 11  6 14  8  9  7 15  4  1 16 12 18 10
  7  2 16  1  3 13 19  3  3  9  7 16 18]
PREDS: [[18, 0.46254423260688782], [11, 0.90645343065261841], [19, 0.47786757349967957], [17, 0.45891022682189941], [4, 0.6440044641494751], [15, 0.57331728935241699], [18, 0.88084042072296143], [4, 0.68429237604141235], [3, 0.47926056385040283], [17, 0.62807053327560425], [10, 0.33196172118186951], [18, 0.12718474864959717], [9, 0.60169744491577148], [1, 0.15030777454376221], [1, 0.45357397198677063], [17, 0.60252487659454346], [12, 0.3385334312915802], [18, 0.40256673097610474], [20, 0.76505082845687866], [14, 0.77173221111297607], [6, 0.20764094591140747], [3, 0.35119372606277466], [16, 0.76834911108016968], [0, 0.1413557380437851], [18, 0.8953089714050293], [19, 0.44295307993888855], [18, 0.83540606498718262], [1, 0.74047499895095825], [17, 0.64369195699691772], [17, 0.43038445711135864], [9, 0.74447381496429443], [9, 0.63988691568374634], [1, 0.17687171697616577], [2, 0.6851850152015686], [2, 0.59583401679992676], [7, 0.62422579526901245], [11, 0.90731120109558105], [11, 0.81126546859741211], [6, 0.22648301720619202], [14, 0.59240955114364624], [1, 0.088445618748664856], [9, 0.63317590951919556], [7, 0.68081080913543701], [15, 0.63194173574447632], [4, 0.80477583408355713], [1, 0.47076258063316345], [16, 0.75554859638214111], [12, 0.46722719073295593], [18, 0.43817463517189026], [10, 0.5975654125213623], [7, 0.51954436302185059], [2, 0.70277833938598633], [16, 0.6279296875], [1, 0.49304622411727905], [3, 0.15088210999965668], [18, 0.082811363041400909], [19, 0.45220291614532471], [3, 0.52849441766738892], [3, 0.53595912456512451], [9, 0.26080861687660217], [7, 0.70947539806365967], [16, 0.70866793394088745], [18, 0.90360569953918457]]
TRUE: [18 11 19 17  4 15 18  4  3 17 10 13  9  4  1 17 12 18 20 14  6  3 16  0 18
 19 18  1 17 17  9  9 12  2  2  7 11 11  6 14  8  9  7 15  4  1 16 12 18 10
  7  2 16  1  3 13 19  3  3  9  7 16 18]
